word_corrcoef_matrix = [[1.0,0.0830508474576,0.0562403697997,0.0248281130634,0.0865603644647,0.0521446593776,0.0456692913386,0.0555555555556,0.0299172501591,0.0691588785047,0.100278551532,0.0677966101695,0.121546961326,0.0561914672216,0.0587639311044,0.0622119815668,0.113300492611,0.0349190283401,0.0596252129472,0.0272417707151,0.0569948186528,0.117142857143,0.0524126455907,0.0280337941628,0.0516178736518,0.121661721068,0.0501519756839,0.0558464223386,0.05,0.0412440838404],[0.0830508474576,1.0,0.272727272727,0.195569136746,0.325423728814,0.243902439024,0.21968503937,0.218181818182,0.154678548695,0.310169491525,0.261016949153,0.296610169492,0.179661016949,0.289281997919,0.28672745694,0.326036866359,0.137288135593,0.191295546559,0.410169491525,0.132803632236,0.262953367876,0.21186440678,0.260399334443,0.135944700461,0.254237288136,0.247457627119,0.168693009119,0.250436300175,0.194915254237,0.196078431373],[0.0562403697997,0.272727272727,1.0,0.213521772345,0.189522342065,0.373651771957,0.343605546995,0.301232665639,0.248249522597,0.196456086287,0.180277349769,0.216486902928,0.10092449923,0.331278890601,0.389830508475,0.362865947612,0.0670261941448,0.326417004049,0.245762711864,0.255391600454,0.234976887519,0.151001540832,0.418335901387,0.26113671275,0.447611710324,0.169491525424,0.142526964561,0.41063174114,0.126348228043,0.323191345504],[0.0248281130634,0.195569136746,0.213521772345,1.0,0.117265087853,0.190603514133,0.283804430863,0.161191749427,0.208556149733,0.1115355233,0.085179526356,0.11038961039,0.0511841100076,0.170741023682,0.178762414057,0.181436210848,0.0381970970206,0.350267379679,0.134453781513,0.282255013243,0.120320855615,0.0828877005348,0.20320855615,0.274255156608,0.22154316272,0.0798319327731,0.0683728036669,0.193659281895,0.0714285714286,0.193659281895],[0.0865603644647,0.325423728814,0.189522342065,0.117265087853,1.0,0.179142136249,0.170078740157,0.175757575758,0.131763208148,0.276635514019,0.266514806378,0.233898305085,0.175398633257,0.221644120708,0.22188449848,0.246543778802,0.0933940774487,0.153340080972,0.342419080068,0.10896708286,0.198186528497,0.225512528474,0.189683860233,0.103686635945,0.181818181818,0.259681093394,0.130699088146,0.184118673647,0.213636363636,0.152129817444],[0.0521446593776,0.243902439024,0.373651771957,0.190603514133,0.179142136249,1.0,0.310236220472,0.303616484441,0.220878421388,0.186711522288,0.21110176619,0.279226240538,0.0975609756098,0.325483599664,0.361648444071,0.379310344828,0.0740117746005,0.304149797571,0.227081581161,0.23798713583,0.260723296888,0.169890664424,0.383527454243,0.240015360983,0.402157164869,0.180824222035,0.148023549201,0.384356602187,0.126997476871,0.353617308993],[0.0456692913386,0.21968503937,0.343605546995,0.283804430863,0.170078740157,0.310236220472,1.0,0.255118110236,0.208784213877,0.174803149606,0.153543307087,0.189763779528,0.088188976378,0.344881889764,0.29842519685,0.279527559055,0.0653543307087,0.284412955466,0.204724409449,0.212258796822,0.209448818898,0.138582677165,0.374015748031,0.23579109063,0.370570107858,0.136220472441,0.122047244094,0.324409448819,0.123622047244,0.284651791751],[0.0555555555556,0.218181818182,0.301232665639,0.161191749427,0.175757575758,0.303616484441,0.255118110236,1.0,0.179503500955,0.186868686869,0.162626262626,0.231313131313,0.0919191919192,0.29696969697,0.322222222222,0.29797979798,0.0868686868687,0.231275303644,0.213131313131,0.188800605373,0.214141414141,0.163636363636,0.321131447587,0.197388632873,0.354391371341,0.157575757576,0.172727272727,0.344677137871,0.115151515152,0.242055442867],[0.0299172501591,0.154678548695,0.248249522597,0.208556149733,0.131763208148,0.220878421388,0.208784213877,0.179503500955,1.0,0.166136218969,0.0986632718014,0.126034373011,0.0674729471674,0.188415022279,0.211966900064,0.20305537874,0.0420114576703,0.301619433198,0.161680458307,0.189935679152,0.145130490134,0.0986632718014,0.221514958625,0.180107526882,0.238701464036,0.0999363462763,0.080203691916,0.213876511776,0.0878421387651,0.244430299173],[0.0691588785047,0.310169491525,0.196456086287,0.1115355233,0.276635514019,0.186711522288,0.174803149606,0.186868686869,0.166136218969,1.0,0.21308411215,0.227118644068,0.158878504673,0.217481789802,0.231003039514,0.251152073733,0.0897196261682,0.154352226721,0.313458262351,0.114642451759,0.209844559585,0.188785046729,0.194675540765,0.119815668203,0.198767334361,0.218691588785,0.135258358663,0.187609075044,0.205607476636,0.16091954023],[0.100278551532,0.261016949153,0.180277349769,0.085179526356,0.266514806378,0.21110176619,0.153543307087,0.162626262626,0.0986632718014,0.21308411215,1.0,0.233898305085,0.197771587744,0.194588969823,0.205673758865,0.218894009217,0.16991643454,0.118927125506,0.223168654174,0.0911842603103,0.19689119171,0.300835654596,0.17387687188,0.0960061443932,0.173343605547,0.33147632312,0.136778115502,0.204188481675,0.184090909091,0.139959432049],[0.0677966101695,0.296610169492,0.216486902928,0.11038961039,0.233898305085,0.279226240538,0.189763779528,0.231313131313,0.126034373011,0.227118644068,0.233898305085,1.0,0.125423728814,0.236212278876,0.249240121581,0.315668202765,0.0966101694915,0.158400809717,0.266101694915,0.160802118804,0.229274611399,0.216949152542,0.309484193012,0.137096774194,0.23343605547,0.237288135593,0.185410334347,0.232984293194,0.149152542373,0.182555780933],[0.121546961326,0.179661016949,0.10092449923,0.0511841100076,0.175398633257,0.0975609756098,0.088188976378,0.0919191919192,0.0674729471674,0.158878504673,0.197771587744,0.125423728814,1.0,0.11342351717,0.113475177305,0.127880184332,0.137931034483,0.0678137651822,0.166950596252,0.0495648883844,0.104922279793,0.154285714286,0.0956738768719,0.0522273425499,0.0916795069337,0.186943620178,0.0744680851064,0.0977312390925,0.136363636364,0.077755240027],[0.0561914672216,0.289281997919,0.331278890601,0.170741023682,0.221644120708,0.325483599664,0.344881889764,0.29696969697,0.188415022279,0.217481789802,0.194588969823,0.236212278876,0.11342351717,1.0,0.388044579534,0.361082206035,0.0790842872008,0.251012145749,0.270551508845,0.196746121831,0.268470343392,0.178980228928,0.353577371048,0.217357910906,0.327426810478,0.177939646202,0.150884495317,0.323734729494,0.156087408949,0.275862068966],[0.0587639311044,0.28672745694,0.389830508475,0.178762414057,0.22188449848,0.361648444071,0.29842519685,0.322222222222,0.211966900064,0.231003039514,0.205673758865,0.249240121581,0.113475177305,0.388044579534,1.0,0.388044579534,0.0840932117528,0.25,0.268490374873,0.195611048051,0.271529888551,0.179331306991,0.36772046589,0.206605222734,0.372110939908,0.203647416413,0.180344478217,0.392670157068,0.152988855117,0.283299526707],[0.0622119815668,0.326036866359,0.362865947612,0.181436210848,0.246543778802,0.379310344828,0.279527559055,0.29797979798,0.20305537874,0.251152073733,0.218894009217,0.315668202765,0.127880184332,0.361082206035,0.388044579534,1.0,0.0967741935484,0.279858299595,0.327188940092,0.191449110859,0.293778801843,0.205069124424,0.338602329451,0.198156682028,0.351309707242,0.220046082949,0.179723502304,0.333333333333,0.153225806452,0.26369168357],[0.113300492611,0.137288135593,0.0670261941448,0.0381970970206,0.0933940774487,0.0740117746005,0.0653543307087,0.0868686868687,0.0420114576703,0.0897196261682,0.16991643454,0.0966101694915,0.137931034483,0.0790842872008,0.0840932117528,0.0967741935484,1.0,0.0501012145749,0.076660988075,0.0378357926599,0.0880829015544,0.151428571429,0.0732113144759,0.0445468509985,0.0762711864407,0.151335311573,0.0896656534954,0.0802792321117,0.0568181818182,0.0581473968898],[0.0349190283401,0.191295546559,0.326417004049,0.350267379679,0.153340080972,0.304149797571,0.284412955466,0.231275303644,0.301619433198,0.154352226721,0.118927125506,0.158400809717,0.0678137651822,0.251012145749,0.25,0.279858299595,0.0501012145749,1.0,0.177631578947,0.33484676504,0.175101214575,0.118421052632,0.315789473684,0.331797235023,0.322874493927,0.113360323887,0.10020242915,0.285425101215,0.0951417004049,0.296052631579],[0.0596252129472,0.410169491525,0.245762711864,0.134453781513,0.342419080068,0.227081581161,0.204724409449,0.213131313131,0.161680458307,0.313458262351,0.223168654174,0.266101694915,0.166950596252,0.270551508845,0.268490374873,0.327188940092,0.076660988075,0.177631578947,1.0,0.128263337117,0.230569948187,0.17206132879,0.217970049917,0.133256528418,0.226502311248,0.207836456559,0.148936170213,0.227748691099,0.199318568995,0.177146720757],[0.0272417707151,0.132803632236,0.255391600454,0.282255013243,0.10896708286,0.23798713583,0.212258796822,0.188800605373,0.189935679152,0.114642451759,0.0911842603103,0.160802118804,0.0495648883844,0.196746121831,0.195611048051,0.191449110859,0.0378357926599,0.33484676504,0.128263337117,1.0,0.145289443814,0.0885357548241,0.299281119939,0.555807794173,0.261823685206,0.0892924706773,0.0802118804389,0.234203556565,0.0737797956867,0.243662504729],[0.0569948186528,0.262953367876,0.234976887519,0.120320855615,0.198186528497,0.260723296888,0.209448818898,0.214141414141,0.145130490134,0.209844559585,0.19689119171,0.229274611399,0.104922279793,0.268470343392,0.271529888551,0.293778801843,0.0880829015544,0.175101214575,0.230569948187,0.145289443814,1.0,0.186528497409,0.239600665557,0.147849462366,0.231895223421,0.189119170984,0.147668393782,0.231239092496,0.123056994819,0.212981744422],[0.117142857143,0.21186440678,0.151001540832,0.0828877005348,0.225512528474,0.169890664424,0.138582677165,0.163636363636,0.0986632718014,0.188785046729,0.300835654596,0.216949152542,0.154285714286,0.178980228928,0.179331306991,0.205069124424,0.151428571429,0.118421052632,0.17206132879,0.0885357548241,0.186528497409,1.0,0.178036605657,0.0990783410138,0.160246533128,0.297142857143,0.158054711246,0.175392670157,0.145454545455,0.168356997972],[0.0524126455907,0.260399334443,0.418335901387,0.20320855615,0.189683860233,0.383527454243,0.374015748031,0.321131447587,0.221514958625,0.194675540765,0.17387687188,0.309484193012,0.0956738768719,0.353577371048,0.36772046589,0.338602329451,0.0732113144759,0.315789473684,0.217970049917,0.299281119939,0.239600665557,0.178036605657,1.0,0.253840245776,0.561633281972,0.177204658902,0.168053244592,0.441763727121,0.118136439268,0.330628803245],[0.0280337941628,0.135944700461,0.26113671275,0.274255156608,0.103686635945,0.240015360983,0.23579109063,0.197388632873,0.180107526882,0.119815668203,0.0960061443932,0.137096774194,0.0522273425499,0.217357910906,0.206605222734,0.198156682028,0.0445468509985,0.331797235023,0.133256528418,0.555807794173,0.147849462366,0.0990783410138,0.253840245776,1.0,0.279185867896,0.0890937019969,0.0860215053763,0.238479262673,0.0714285714286,0.244623655914],[0.0516178736518,0.254237288136,0.447611710324,0.22154316272,0.181818181818,0.402157164869,0.370570107858,0.354391371341,0.238701464036,0.198767334361,0.173343605547,0.23343605547,0.0916795069337,0.327426810478,0.372110939908,0.351309707242,0.0762711864407,0.322874493927,0.226502311248,0.261823685206,0.231895223421,0.160246533128,0.561633281972,0.279185867896,1.0,0.189522342065,0.166409861325,0.498459167951,0.12249614792,0.331981068289],[0.121661721068,0.247457627119,0.169491525424,0.0798319327731,0.259681093394,0.180824222035,0.136220472441,0.157575757576,0.0999363462763,0.218691588785,0.33147632312,0.237288135593,0.186943620178,0.177939646202,0.203647416413,0.220046082949,0.151335311573,0.113360323887,0.207836456559,0.0892924706773,0.189119170984,0.297142857143,0.177204658902,0.0890937019969,0.189522342065,1.0,0.13829787234,0.178010471204,0.143181818182,0.137254901961],[0.0501519756839,0.168693009119,0.142526964561,0.0683728036669,0.130699088146,0.148023549201,0.122047244094,0.172727272727,0.080203691916,0.135258358663,0.136778115502,0.185410334347,0.0744680851064,0.150884495317,0.180344478217,0.179723502304,0.0896656534954,0.10020242915,0.148936170213,0.0802118804389,0.147668393782,0.158054711246,0.168053244592,0.0860215053763,0.166409861325,0.13829787234,1.0,0.183246073298,0.0881458966565,0.117647058824],[0.0558464223386,0.250436300175,0.41063174114,0.193659281895,0.184118673647,0.384356602187,0.324409448819,0.344677137871,0.213876511776,0.187609075044,0.204188481675,0.232984293194,0.0977312390925,0.323734729494,0.392670157068,0.333333333333,0.0802792321117,0.285425101215,0.227748691099,0.234203556565,0.231239092496,0.175392670157,0.441763727121,0.238479262673,0.498459167951,0.178010471204,0.183246073298,1.0,0.119546247818,0.306288032454],[0.05,0.194915254237,0.126348228043,0.0714285714286,0.213636363636,0.126997476871,0.123622047244,0.115151515152,0.0878421387651,0.205607476636,0.184090909091,0.149152542373,0.136363636364,0.156087408949,0.152988855117,0.153225806452,0.0568181818182,0.0951417004049,0.199318568995,0.0737797956867,0.123056994819,0.145454545455,0.118136439268,0.0714285714286,0.12249614792,0.143181818182,0.0881458966565,0.119546247818,1.0,0.103448275862],[0.0412440838404,0.196078431373,0.323191345504,0.193659281895,0.152129817444,0.353617308993,0.284651791751,0.242055442867,0.244430299173,0.16091954023,0.139959432049,0.182555780933,0.077755240027,0.275862068966,0.283299526707,0.26369168357,0.0581473968898,0.296052631579,0.177146720757,0.243662504729,0.212981744422,0.168356997972,0.330628803245,0.244623655914,0.331981068289,0.137254901961,0.117647058824,0.306288032454,0.103448275862,1.0],]

cos_corrcoef_matrix = [[1.0,0.00144979199441,0.00118323676369,0.00195002744163,0.00118642362179,0.00135290861742,0.00490176120094,0.00970302093523,0.000479759114862,0.00120356162219,0.00180205210704,0.0023150667156,0.00122082504893,0.000752491933613,0.00467798211554,0.00215464578039,0.000354342612808,0.00182031037154,0.000408663524887,0.00334122288014,0.00123311315451,0.00339600743928,0.00486005765447,0.00777240868421,0.00835104067094,0.00185746369225,0.00665400494817,0.015851275942,0.00010915848316,0.07182246185],[0.00144979199441,1.0,0.0313686825271,0.225388149072,0.0388173716469,0.0217224530955,0.0153105558121,0.00844711773012,0.0140412494313,0.0368120554579,0.00248942255005,0.00341006939811,0.0091694225488,0.00860446128289,0.00428756416969,0.0191558741333,0.00141603849243,0.019093497383,0.0216075904841,0.00706919231843,0.00370776416444,0.00324470707525,0.0118919363809,0.0067777338117,0.0169692379239,0.00711875147946,0.00133754285779,0.0118718578255,0.00586897245137,0.0817551228454],[0.00118323676369,0.0313686825271,1.0,0.0139602759169,0.00934227791041,0.00635893928306,0.00811987200543,0.004389034288,0.0203021515561,0.0174516691571,0.00373164243944,0.00304532691239,0.00452332911786,0.00471389775873,0.00179714057482,0.840980798597,0.000591849348171,0.0108011649368,0.0384287655025,0.00470524492119,0.00497412854064,0.00132144628375,0.0117859993736,0.00412303824925,0.0127797292962,0.0082478026865,0.000761437847093,0.010831313856,0.00450050812226,0.0448370430701],[0.00195002744163,0.225388149072,0.0139602759169,1.0,0.118308304947,0.00323927460969,0.0353699627854,0.0134919560059,0.01961127953,0.0958608369934,0.00219468298202,0.00475055350227,0.00916889065649,0.0105717396311,0.00318058181077,0.0156533429674,0.0030110708627,0.0451574003311,0.0185202858825,0.0113151997969,0.00395580265975,0.00461023156455,0.0155068767792,0.00917498902016,0.0248174705285,0.00801436977222,0.00187673733,0.0128817567527,0.00678707461145,0.0430682977008],[0.00118642362179,0.0388173716469,0.00934227791041,0.118308304947,1.0,0.00275373641381,0.0216640284943,0.00920694099963,0.0246126224025,0.0295928414387,0.000812615031193,0.00460489640629,0.00734455186123,0.00401566823941,0.001896104589,0.00979843661206,0.000258463105455,0.0205170143014,0.0178220020141,0.0407887834945,0.00290619158896,0.00732775280458,0.0248610564522,0.00955619710714,0.0141916530136,0.00479890302872,0.00287320146732,0.00807969289599,0.00927103228108,0.0547815729874],[0.00135290861742,0.0217224530955,0.00635893928306,0.00323927460969,0.00275373641381,1.0,0.00406459307294,0.0126227159521,0.00373841924946,0.00246478945191,0.0026382873712,0.0219993641144,0.00133680051829,0.00338925170826,0.002578844756,0.0238407058883,0.00483440487538,0.00502299076276,0.00116199988821,0.039068455696,0.00405394468168,0.0106427463395,0.0238809590452,0.0223751251967,0.0239962457659,0.00619123289765,0.00282588542998,0.0118802311162,0.000420248769979,0.0310737754555],[0.00490176120094,0.0153105558121,0.00811987200543,0.0353699627854,0.0216640284943,0.00406459307294,1.0,0.0172800970729,0.00846926095538,0.0131746093769,0.00217483130873,0.00640704253153,0.00643831743888,0.0130305434967,0.00453884213293,0.00858968983887,0.00104721222339,0.0140489599739,0.0127311809101,0.0172922017806,0.00988298089789,0.00938672202537,0.0243807588613,0.0190280325104,0.179900590647,0.00457987527245,0.0036787497774,0.0327973482013,0.0047976065368,0.0391601314581],[0.00970302093523,0.00844711773012,0.004389034288,0.0134919560059,0.00920694099963,0.0126227159521,0.0172800970729,1.0,0.00711864244892,0.00623350945727,0.0023547743914,0.0136351058571,0.00575202031972,0.00437180005272,0.00363551933119,0.006686738157,0.0848302620383,0.00857142913398,0.00598841737765,0.0230368077327,0.00944596481898,0.0067139526457,0.02435505889,0.0242752790332,0.0907717311457,0.0086031983796,0.0633436785896,0.0271090033809,0.00236830909047,0.0269623145222],[0.000479759114862,0.0140412494313,0.0203021515561,0.01961127953,0.0246126224025,0.00373841924946,0.00846926095538,0.00711864244892,1.0,0.0451972517287,0.00146270288979,0.0021943343225,0.00404088181129,0.00256137410286,0.00094126369011,0.017467819878,0.000170612629559,0.0212266761496,0.0100640881192,0.00714878027268,0.0040614021358,0.0122377979939,0.00718397054669,0.00602624809937,0.0156091062851,0.00387866535621,0.00229398899114,0.00740336265285,0.0121805693306,0.100277255008],[0.00120356162219,0.0368120554579,0.0174516691571,0.0958608369934,0.0295928414387,0.00246478945191,0.0131746093769,0.00623350945727,0.0451972517287,1.0,0.0018370431003,0.00259958255015,0.00381967898608,0.00767765441633,0.00151089966491,0.025280007728,0.000766093688461,0.0385404184985,0.0116823155393,0.00840192291491,0.0031120505531,0.0171376543799,0.0152644410379,0.0148140814952,0.0151321867702,0.0227942401996,0.00198296789884,0.00769802166024,0.0103520638082,0.047961902232],[0.00180205210704,0.00248942255005,0.00373164243944,0.00219468298202,0.000812615031193,0.0026382873712,0.00217483130873,0.0023547743914,0.00146270288979,0.0018370431003,1.0,0.00232057013052,0.000603644497365,0.000685355199147,0.00125387596126,0.0113822650466,0.000429240473832,0.0015109548114,0.000456873346723,0.00330470004887,0.000805190904221,0.00195540552373,0.00539869215045,0.00398104338901,0.00666457929598,0.00125165472664,0.00101329001072,0.0106671142557,0.00103045196829,0.00984078357946],[0.0023150667156,0.00341006939811,0.00304532691239,0.00475055350227,0.00460489640629,0.0219993641144,0.00640704253153,0.0136351058571,0.0021943343225,0.00259958255015,0.00232057013052,1.0,0.00130029321894,0.00270899887283,0.00799974293893,0.007014432507,0.000566562865441,0.00484930670736,0.00109601575997,0.0859284700751,0.00365866067377,0.00440360969378,0.0203120960538,0.0285592880026,0.025458784048,0.00802107179064,0.00716222985419,0.0303389264134,0.000348289929868,0.0166932973169],[0.00122082504893,0.0091694225488,0.00452332911786,0.00916889065649,0.00734455186123,0.00133680051829,0.00643831743888,0.00575202031972,0.00404088181129,0.00381967898608,0.000603644497365,0.00130029321894,1.0,0.00163976564998,0.0006361703323,0.00474016218707,5.2045889049e-05,0.0135559287876,0.00248819878606,0.00905474493029,0.00198565933134,0.00633021437876,0.0107561974959,0.00493734780045,0.00905818956254,0.00161019208881,0.000720672514223,0.0081373714757,0.0033597538094,0.0156831869684],[0.000752491933613,0.00860446128289,0.00471389775873,0.0105717396311,0.00401566823941,0.00338925170826,0.0130305434967,0.00437180005272,0.00256137410286,0.00767765441633,0.000685355199147,0.00270899887283,0.00163976564998,1.0,0.000806395641521,0.00425938133675,0.00178230539837,0.00409705114018,0.00377271305056,0.00748682031322,0.00326385757743,0.00611030939243,0.00603069851507,0.00571189857348,0.00805343456967,0.00125762094115,0.00161979048027,0.00568252413442,0.00322723479847,0.0181424504792],[0.00467798211554,0.00428756416969,0.00179714057482,0.00318058181077,0.001896104589,0.002578844756,0.00453884213293,0.00363551933119,0.00094126369011,0.00151089966491,0.00125387596126,0.00799974293893,0.0006361703323,0.000806395641521,1.0,0.0416104164117,0.00257171328658,0.00202451029808,0.00103547242866,0.00408607211924,0.000370415883354,0.125338762257,0.0024560322517,0.00198414945263,0.00911775499892,0.0057339882833,0.00138532764202,0.00354351563818,0.000758610886017,0.0280870413651],[0.00215464578039,0.0191558741333,0.840980798597,0.0156533429674,0.00979843661206,0.0238407058883,0.00858968983887,0.006686738157,0.017467819878,0.025280007728,0.0113822650466,0.007014432507,0.00474016218707,0.00425938133675,0.0416104164117,1.0,0.004962629402,0.0664851909116,0.00545859040477,0.0155826660329,0.011170497315,0.0108651403956,0.0185389910126,0.00992590406789,0.0212256463658,0.00725144228896,0.00162546980548,0.0103485190101,0.00276304455165,0.0585688037993],[0.000354342612808,0.00141603849243,0.000591849348171,0.0030110708627,0.000258463105455,0.00483440487538,0.00104721222339,0.0848302620383,0.000170612629559,0.000766093688461,0.000429240473832,0.000566562865441,5.2045889049e-05,0.00178230539837,0.00257171328658,0.004962629402,1.0,0.00142490606997,0.000180309724356,0.004619081479,0.0038898644702,0.0243063375189,0.00981910102292,0.0199615276655,0.006079846268,0.00263725187588,0.0184748989635,0.00601369258994,0.000105909955186,0.0257633155987],[0.00182031037154,0.019093497383,0.0108011649368,0.0451574003311,0.0205170143014,0.00502299076276,0.0140489599739,0.00857142913398,0.0212266761496,0.0385404184985,0.0015109548114,0.00484930670736,0.0135559287876,0.00409705114018,0.00202451029808,0.0664851909116,0.00142490606997,1.0,0.00901185342177,0.0113850549909,0.00371996037141,0.0110085072001,0.0136443164345,0.0131269927196,0.018768425587,0.00403441191054,0.00231882627274,0.0119916067219,0.0241955028709,0.0623335203478],[0.000408663524887,0.0216075904841,0.0384287655025,0.0185202858825,0.0178220020141,0.00116199988821,0.0127311809101,0.00598841737765,0.0100640881192,0.0116823155393,0.000456873346723,0.00109601575997,0.00248819878606,0.00377271305056,0.00103547242866,0.00545859040477,0.000180309724356,0.00901185342177,1.0,0.00265462775374,0.00109500844454,0.000687116219534,0.00381334906332,0.00361899151518,0.00495433014316,0.00173610556972,0.000943420468351,0.00353176976837,0.00686612690268,0.0230144401434],[0.00334122288014,0.00706919231843,0.00470524492119,0.0113151997969,0.0407887834945,0.039068455696,0.0172922017806,0.0230368077327,0.00714878027268,0.00840192291491,0.00330470004887,0.0859284700751,0.00905474493029,0.00748682031322,0.00408607211924,0.0155826660329,0.004619081479,0.0113850549909,0.00265462775374,1.0,0.0041647746348,0.00752769225737,0.0626058917975,0.0570701790142,0.0315072043066,0.00461245628706,0.00536852631125,0.0271217085366,0.00598096535368,0.0321539137299],[0.00123311315451,0.00370776416444,0.00497412854064,0.00395580265975,0.00290619158896,0.00405394468168,0.00988298089789,0.00944596481898,0.0040614021358,0.0031120505531,0.000805190904221,0.00365866067377,0.00198565933134,0.00326385757743,0.000370415883354,0.011170497315,0.0038898644702,0.00371996037141,0.00109500844454,0.0041647746348,1.0,0.0131590249192,0.00474285819443,0.0115850866885,0.00693851627532,0.00240772595753,0.00116276667069,0.00346534953355,0.000596241181566,0.0439818836787],[0.00339600743928,0.00324470707525,0.00132144628375,0.00461023156455,0.00732775280458,0.0106427463395,0.00938672202537,0.0067139526457,0.0122377979939,0.0171376543799,0.00195540552373,0.00440360969378,0.00633021437876,0.00611030939243,0.125338762257,0.0108651403956,0.0243063375189,0.0110085072001,0.000687116219534,0.00752769225737,0.0131590249192,1.0,0.0347654675539,0.0392596093858,0.0189552062554,0.00535498875133,0.00662078717666,0.0116504311209,0.00125266225289,0.0826938184308],[0.00486005765447,0.0118919363809,0.0117859993736,0.0155068767792,0.0248610564522,0.0238809590452,0.0243807588613,0.02435505889,0.00718397054669,0.0152644410379,0.00539869215045,0.0203120960538,0.0107561974959,0.00603069851507,0.0024560322517,0.0185389910126,0.00981910102292,0.0136443164345,0.00381334906332,0.0626058917975,0.00474285819443,0.0347654675539,1.0,0.0209293922987,0.116066868413,0.0130586996324,0.00865450379929,0.042881925106,0.00547179563364,0.0643430369471],[0.00777240868421,0.0067777338117,0.00412303824925,0.00917498902016,0.00955619710714,0.0223751251967,0.0190280325104,0.0242752790332,0.00602624809937,0.0148140814952,0.00398104338901,0.0285592880026,0.00493734780045,0.00571189857348,0.00198414945263,0.00992590406789,0.0199615276655,0.0131269927196,0.00361899151518,0.0570701790142,0.0115850866885,0.0392596093858,0.0209293922987,1.0,0.0639544296848,0.00894635112861,0.00665467866328,0.031423965809,0.00157722731181,0.0546691054063],[0.00835104067094,0.0169692379239,0.0127797292962,0.0248174705285,0.0141916530136,0.0239962457659,0.179900590647,0.0907717311457,0.0156091062851,0.0151321867702,0.00666457929598,0.025458784048,0.00905818956254,0.00805343456967,0.00911775499892,0.0212256463658,0.006079846268,0.018768425587,0.00495433014316,0.0315072043066,0.00693851627532,0.0189552062554,0.116066868413,0.0639544296848,1.0,0.0552085834746,0.0205094946508,0.107157844113,0.00279883674164,0.0493368021656],[0.00185746369225,0.00711875147946,0.0082478026865,0.00801436977222,0.00479890302872,0.00619123289765,0.00457987527245,0.0086031983796,0.00387866535621,0.0227942401996,0.00125165472664,0.00802107179064,0.00161019208881,0.00125762094115,0.0057339882833,0.00725144228896,0.00263725187588,0.00403441191054,0.00173610556972,0.00461245628706,0.00240772595753,0.00535498875133,0.0130586996324,0.00894635112861,0.0552085834746,1.0,0.00195733783028,0.0082511402187,0.00233356931682,0.0256516266683],[0.00665400494817,0.00133754285779,0.000761437847093,0.00187673733,0.00287320146732,0.00282588542998,0.0036787497774,0.0633436785896,0.00229398899114,0.00198296789884,0.00101329001072,0.00716222985419,0.000720672514223,0.00161979048027,0.00138532764202,0.00162546980548,0.0184748989635,0.00231882627274,0.000943420468351,0.00536852631125,0.00116276667069,0.00662078717666,0.00865450379929,0.00665467866328,0.0205094946508,0.00195733783028,1.0,0.0130681320661,0.00030146158631,0.0153308702279],[0.015851275942,0.0118718578255,0.010831313856,0.0128817567527,0.00807969289599,0.0118802311162,0.0327973482013,0.0271090033809,0.00740336265285,0.00769802166024,0.0106671142557,0.0303389264134,0.0081373714757,0.00568252413442,0.00354351563818,0.0103485190101,0.00601369258994,0.0119916067219,0.00353176976837,0.0271217085366,0.00346534953355,0.0116504311209,0.042881925106,0.031423965809,0.107157844113,0.0082511402187,0.0130681320661,1.0,0.00126369203031,0.0522081338774],[0.00010915848316,0.00586897245137,0.00450050812226,0.00678707461145,0.00927103228108,0.000420248769979,0.0047976065368,0.00236830909047,0.0121805693306,0.0103520638082,0.00103045196829,0.000348289929868,0.0033597538094,0.00322723479847,0.000758610886017,0.00276304455165,0.000105909955186,0.0241955028709,0.00686612690268,0.00598096535368,0.000596241181566,0.00125266225289,0.00547179563364,0.00157722731181,0.00279883674164,0.00233356931682,0.00030146158631,0.00126369203031,1.0,0.0827803643949],[0.07182246185,0.0817551228454,0.0448370430701,0.0430682977008,0.0547815729874,0.0310737754555,0.0391601314581,0.0269623145222,0.100277255008,0.047961902232,0.00984078357946,0.0166932973169,0.0156831869684,0.0181424504792,0.0280870413651,0.0585688037993,0.0257633155987,0.0623335203478,0.0230144401434,0.0321539137299,0.0439818836787,0.0826938184308,0.0643430369471,0.0546691054063,0.0493368021656,0.0256516266683,0.0153308702279,0.0522081338774,0.0827803643949,1.0],]

